45 37
23 43
67 89
12 78
90 23
34 56
78 45
56 67
34 23
89 12
67 78
23 90
45 34
56 78
12 45
34 67
90 56
23 89
67 34
78 23
89 45
12 67
56 34
78 12
34 90
23 56
45 78
67 12
90 34
56 23
78 89
23 12
34 45
89 78
67 23
12 34
45 89
56 67
23 45
78 34
90 12
67 56
12 89
34 23
45 78
56 12
89 34
23 67
78 45
12 56
34 89
67 12
45 23
89 78
56 34
23 67
12 45
78 12
34 56
67 89
23 12
45 34
56 78
12 45
34 67
89 12
78 34
23 56
67 12
45 78
12 34
56 89
34 12
23 67
78 45
12 23
34 67
89 12
56 34
23 78
45 12
67 23
12 89
34 45
56 23
78 67
23 12
45 34
67 78
12 45
34 23
89 67
56 12
23 78
32 95
44 56
52 90
98 76
53 25
14 88