400 250
399 252
399 256
398 259
397 263
396 267
394 270
392 274
390 277
388 280
385 284
382 287
379 290
376 293
373 296
369 299
366 302
362 305
358 308
354 310
350 313
346 316
342 318
337 321
333 323
328 325
324 328
319 330
314 332
309 334
304 336
299 338
294 340
288 342
283 343
278 345
272 346
267 348
261 349
255 350
250 351
244 352
238 353
232 354
226 355
220 355
214 356
208 356
202 356
196 356
190 356
184 356
178 355
172 355
166 354
160 353
154 352
148 351
143 350
137 349
131 348
126 346
120 345
115 343
110 342
104 340
99 338
94 336
89 334
84 332
79 330
75 328
70 325
66 323
61 321
57 318
53 316
49 313
45 310
41 308
37 305
33 302
30 299
26 296
23 293
20 290
17 287
14 284
11 280
9 277
7 274
5 270
3 267
2 263
1 259
1 256
0 252
0 250
0 247
1 243
1 240
2 236
3 232
5 229
7 225
9 222
11 219
14 215
17 212
20 209
23 206
26 203
30 200
33 197
37 194
41 192
45 189
49 186
53 184
57 181
61 178
66 176
70 174
75 171
79 169
84 167
89 165
94 163
99 161
104 159
110 158
115 156
120 155
126 153
131 152
137 151
143 150
148 149
154 148
160 147
166 146
172 145
178 145
184 144
190 144
196 144
202 144
208 144
214 144
220 144
226 145
232 145
238 146
244 147
250 148
255 149
261 150
267 151
272 152
278 153
283 155
288 156
294 158
299 159
304 161
309 163
314 165
319 167
324 169
328 171
333 174
337 176
342 178
346 181
350 184
354 186
358 189
362 192
366 194
369 197
373 200
376 203
379 206
382 209
385 212
388 215
390 219
392 222
394 225
396 229
397 232
398 236
399 240
399 243
400 247
400 250
400 252
399 256
399 259
398 263
397 267
396 270
394 274
392 277
390 280
388 284
385 287
382 290
379 293
376 296
373 299
369 302
366 305
362 308
358 310
354 313
350 316
346 318
342 321
337 323
333 325
328 328
324 330
319 332
314 334
309 336
304 338
299 340
294 342
288 343
283 345
278 346
272 348
267 349
261 350
255 351
250 352
244 353
238 354
232 355
226 355
220 356
214 356
208 356
202 356
196 356
190 356
184 356
178 355
172 355
166 354
160 353
154 352
148 351
143 350
137 349
131 348
126 346
120 345
115 343
110 342
104 340
99 338
94 336
89 334
84 332
79 330
75 328
70 325
66 323
61 321
57 318
53 316
49 313
45 310
41 308
37 305
33 302
30 299
26 296
23 293
20 290
17 287
14 284
11 280
9 277
7 274
5 270
3 267
2 263
1 259
1 256
0 252
0 250
0 247
1 243
1 240
2 236
3 232
5 229
7 225
9 222
11 219
14 215
17 212
20 209
23 206
26 203
30 200
33 197
37 194
41 192
45 189
49 186
53 184
57 181
61 178
66 176
70 174
75 171
79 169
84 167
89 165
94 163
99 161
104 159
110 158
115 156
120 155
126 153
131 152
137 151
143 150
148 149
154 148
160 147
166 146
172 145
178 145
184 144
190 144
196 144
202 144
208 144
214 144
220 144
226 145
232 145
238 146
244 147
250 148
255 149
261 150
267 151
272 152
278 153
283 155
288 156
294 158
299 159
304 161
309 163
314 165
319 167
324 169
328 171
333 174
337 176
342 178
346 181
350 184
354 186
358 189
362 192
366 194
369 197
373 200
376 203
379 206
382 209
385 212
388 215
390 219
392 222
394 225
396 229
397 232
398 236
399 240
399 243
400 247
