398 283
392 316
382 348
369 379
352 408
333 436
312 461
289 483
265 501
240 515
214 525
187 531
160 533
133 531
107 525
82 515
58 501
35 483
14 461
35 483
58 501
82 515
107 525
133 531
160 533
187 531
214 525
240 515
265 501
289 483
312 461
333 436
352 408
369 379
382 348
392 316
398 283
398 217
392 184
382 152
369 121
352 92
333 64
312 39
289 17
265 1
240 15
214 25
187 31
160 33
133 31
107 25
82 15
58 1
35 17
14 39
35 17
58 1
82 15
107 25
133 31
160 33
187 31
214 25
240 15
265 1
289 17
312 39
333 64
352 92
369 121
382 152
392 184
398 217
398 250
392 283
382 316
369 348
352 379
333 408
312 436
289 461
265 483
240 501
214 515
187 525
160 531
133 533
107 531
82 525
58 515
35 501
14 483
35 501
58 515
82 525
107 531
133 533
160 531
187 525
214 515
240 501
265 483
289 461
312 436
333 408
352 379
369 348
382 316
392 283
398 250
398 217
392 184
382 152
369 121
352 92
333 64
312 39
289 17
265 1
240 15
214 25
187 31
160 33
133 31
107 25
82 15
58 1
35 17
14 39
35 17
58 1
82 15
107 25
133 31
160 33
187 31
214 25
240 15
265 1
289 17
312 39
333 64
352 92
369 121
382 152
392 184
398 217
398 250
392 283
382 316
369 348
352 379
333 408
312 436
289 461
265 483
240 501
214 515
187 525
160 531
133 533
107 531
82 525
58 515
35 501
14 483
35 501
58 515
82 525
107 531
133 533
160 531
187 525
214 515
240 501
265 483
289 461
312 436
333 408
352 379
369 348
382 316
392 283
398 250
398 217
392 184
382 152
369 121
352 92
333 64
312 39
289 17
265 1
240 15
214 25
187 31
160 33
133 31
107 25
82 15
58 1
35 17
14 39
35 17
58 1
82 15
107 25
133 31
160 33
187 31
214 25
240 15
265 1
289 17
312 39
333 64
352 92
369 121
382 152
392 184
398 217
398 250
392 283
382 316
369 348
352 379
333 408
312 436
289 461
265 483
240 501
214 515
187 525
160 531
133 533
107 531
82 525
58 515
35 501
14 483
35 501
58 515
82 525
107 531
133 533
160 531
187 525
214 515
240 501
265 483
289 461
312 436
333 408
352 379
369 348
382 316
392 283
398 250
398 217
392 184
382 152
369 121
352 92
333 64
312 39
289 17
265 1
240 15
214 25
187 31
160 33
133 31
107 25
82 15
58 1
35 17
14 39
35 17
58 1
82 15
107 25
133 31
160 33
187 31
214 25
240 15
265 1
289 17
312 39
333 64
352 92
369 121
382 152
392 184
398 217
398 250
392 283
382 316
369 348
352 379
333 408
312 436
289 461
265 483
240 501
214 515
187 525
160 531
133 533
107 531
82 525
58 515
35 501
14 483
35 501
58 515
82 525
107 531
133 533
160 531
187 525
214 515
240 501
265 483
289 461
312 436
333 408
352 379
369 348
382 316
392 283
398 250
398 217
392 184
382 152
369 121
352 92
333 64
312 39
289 17
265 1
240 15
214 25
187 31
160 33
133 31
107 25
82 15
58 1
35 17
14 39
35 17
58 1
82 15
107 25
133 31
160 33
187 31
214 25
240 15
265 1
289 17
312 39
333 64
352 92
369 121
382 152
392 184
